time in seconds for each input file : 
0 14.952218770980835
1 10.500528335571289
2 10.520519733428955
3 10.446721315383911
4 10.40282130241394
5 10.541022777557373
6 10.46790337562561
7 10.450561761856079
8 10.465175151824951
9 10.499449014663696
10 10.43031358718872
11 10.409947395324707
12 10.423385620117188
13 10.48553991317749
14 10.446563720703125
15 10.438571214675903
16 10.436325550079346
17 10.487538576126099
18 10.474547863006592
19 10.435570478439331
20 10.496532917022705
21 10.53750729560852
22 10.426066398620605
23 10.414583444595337
24 10.621301412582397
25 10.61146330833435
26 10.414976358413696
27 10.470548629760742
28 10.427576541900635
29 10.519623517990112
30 10.402178764343262
31 10.422710180282593
32 10.479543924331665
33 10.588575839996338
34 10.540506362915039
35 10.423353672027588
36 10.47454571723938
37 10.433570861816406
38 10.42447566986084
39 10.468550443649292
40 10.429082155227661
41 10.432348489761353
42 10.4185791015625
43 10.461555242538452
44 10.532513856887817
45 10.444564819335938
46 10.429296016693115
47 10.498960494995117
48 10.418753385543823
49 10.45553183555603
50 10.519438028335571
51 10.414583206176758
52 10.455558061599731
53 10.439442873001099
54 10.879297494888306
55 10.614458560943604
56 10.407735824584961
